T_PERIOD =[
   0.006280000000000   0.005240000000000   0.003120000000000
   0.006260000000000   0.005240000000000   0.003120000000000
   0.006250000000000   0.005230000000000   0.003100000000000
   0.006245000000000   0.005220000000000   0.003100000000000
   0.006240000000000   0.005220000000000   0.003097500000000
   0.006238750000000   0.005218750000000   0.003095000000000
   0.006238750000000   0.005218125000000   0.003095000000000
   0.006238437500000   0.005217500000000   0.003094375000000
   0.006238125000000   0.005217343750000   0.003094375000000
   0.006238125000000   0.005217265625000   0.003094296875000
   0.006238085937500   0.005217226562500   0.003094218750000
   0.006238046875000   0.005217207031250   0.003094199218750
   0.006238037109375   0.005217207031250   0.003094199218750
   0.006238032226562   0.005217197265625   0.003094189453125
   0.006238032226562   0.005217194824219   0.003094187011719
   0.006238029785156   0.005217193603516   0.003094185791016
   0.006238029174805   0.005217193603516   0.003094185791016]
   
   I_MAX =[
   0.243497801271953   1.794559750480534  17.750764379002895
   0.243497801273084   1.794627850429257  17.780228127556160
   0.243497801273146   1.794627850423138  17.783095489380148
   0.243497801273149   1.794628577751203  17.786066520757448
   0.243497830340086   1.794629693496970  17.786066485675899
   0.243497830340086   1.794629693496978  17.786150280365817
   0.243497832519216   1.794629693496964  17.786177282769966
   0.243497832519217   1.794629715839229  17.786181006835818
   0.243497832564801   1.794629715839288  17.786183451143813
   0.243497832591205   1.794629715839296  17.786183451141383
   0.243497832591206   1.794629715839284  17.786183647505467
   0.243497832593825   1.794629715839208  17.786183647506707
   0.243497832593827   1.794629715840786  17.786183648883306
   0.243497832593838   1.794629715846049  17.786183652402606
   0.243497832593825   1.794629715845687  17.786183652398829
   0.243497832593851   1.794629715846029  17.786183652380615
   0.243497832593876   1.794629715845872  17.786183652408564];
   
   
	       Elapsed time is 236.727183 seconds.
	       
from bisection method:
Tolerance = 0.5e-5
period_index = [ 3119014           2608593              1547095 ];
period = [ 0.006238028000000   0.005217186000000   0.003094190000000 ]

Tolerance = 0.5e-8
N = 1e8;
period_index = [ 31190145	   26085965		15470926 ];
period = [ 0.006238029000000   0.005217193000000   0.003094185200000 ];


T_PERIOD =[
     1.000000000000000e+00     6.280000000000000e-03     2.000000000000000e-05
     2.000000000000000e+00     6.260000000000000e-03     1.000000000000000e-05
     3.000000000000000e+00     6.250000000000000e-03     5.000000000000000e-06
     4.000000000000000e+00     6.245000000000000e-03     5.000000000000000e-06
     5.000000000000000e+00     6.240000000000000e-03     1.250000000000000e-06
     6.000000000000000e+00     6.238750000000000e-03                         0
     7.000000000000000e+00     6.238750000000000e-03     3.125000000000000e-07
     8.000000000000000e+00     6.238437500000000e-03     3.125000000000000e-07
     9.000000000000000e+00     6.238125000000000e-03                         0
     1.000000000000000e+01     6.238125000000000e-03     3.906200000000000e-08
     1.100000000000000e+01     6.238085937500000e-03     3.906300000000000e-08
     1.200000000000000e+01     6.238046875000000e-03     9.765599999999999e-09
     1.300000000000000e+01     6.238037109375000e-03     4.882800000000000e-09
     1.400000000000000e+01     6.238032226562000e-03                         0
     1.500000000000000e+01     6.238032226562000e-03     2.441400000000000e-09
     1.600000000000000e+01     6.238029785156000e-03     6.103500000000000e-10
     1.700000000000000e+01     6.238029174805000e-03                       NaN]

t_error =[
     2.000000000000005e-05                         0                         0
     9.999999999999593e-06     9.999999999999593e-06     2.000000000000005e-05
     5.000000000000664e-06     1.000000000000046e-05                         0
     4.999999999999796e-06                         0     2.499999999999898e-06
     1.249999999999515e-06     1.249999999999515e-06     2.499999999999898e-06
                         0     6.250000000006251e-07                         0
     3.125000000003125e-07     6.249999999997577e-07     6.250000000001914e-07
     3.125000000003125e-07     1.562499999992889e-07                         0
                         0     7.812500000051181e-08     7.812500000007813e-08
     3.906249999938854e-08     3.906249999938854e-08     7.812499999964445e-08
     3.906250000025591e-08     1.953125000099531e-08     1.953125000012795e-08
     9.765625000497657e-09                         0                         0
     4.882812499815148e-09     9.765624999630296e-09     9.765624999630296e-09
                         0     2.441406249907574e-09     2.441406250341255e-09
     2.441406249907574e-09     1.220703125387468e-09     1.220703124953787e-09
     6.103515626937339e-10                         0                         0]

I_error =[
     1.130678883853875e-12     6.809994872347680e-05     2.946374855326539e-02
     6.231126725708691e-14     6.119105222524013e-12     2.867361823987835e-03
     3.136380044566067e-15     7.273280651087788e-07     2.971031377299482e-03
     2.906693652438008e-08     1.115745766222531e-06     3.508154833298249e-08
     5.828670879282072e-16     8.215650382226158e-15     8.379468991748240e-05
     2.179129793278278e-09     1.421085471520200e-14     2.700240414910127e-05
     7.216449660063518e-16     2.234226492703328e-08     3.724065852139802e-06
     4.558481370153800e-11     5.906386491005833e-14     2.444307995119743e-06
     2.640382357199655e-11     8.437694987151190e-15     2.430056156299543e-12
     4.718447854656915e-16     1.221245327087672e-14     1.963640841040615e-07
     2.619238159695669e-12     7.571721027943568e-14     1.239897073901375e-12
     2.220446049250313e-15     1.577848962597272e-12     1.376598390834260e-09
     1.104671909502031e-14     5.263123270538017e-12     3.519300406651382e-09
     1.357247647604254e-14     3.625988398425761e-13     3.776534640564932e-12
     2.606248550307555e-14     3.421707361894732e-13     1.821476303121017e-11
     2.484124017598788e-14     1.563194018672220e-13     2.794919851112354e-11]



