U_max =
     2.145000000000000e+03
     2.147500000000000e+03
     2.148750000000000e+03
     2.148125000000000e+03
     2.148437500000000e+03
     2.148281250000000e+03
     2.148359375000000e+03
     2.148320312500000e+03
     2.148300781250000e+03
     2.148291015625000e+03
     2.148286132812500e+03
     2.148283691406250e+03
     2.148282470703125e+03
     2.148283081054688e+03
     2.148283386230469e+03
     2.148283233642578e+03
     2.148283157348633e+03
     2.148283119201660e+03
     2.148283138275146e+03
     2.148283147811890e+03
     2.148283152580261e+03
     2.148283154964447e+03
     2.148283156156540e+03
     2.148283155560493e+03
     2.148283155858517e+03
     2.148283155709505e+03
     2.148283155634999e+03
     2.148283155672252e+03
     2.148283155653626e+03
     2.148283155644313e+03
     2.148283155648969e+03
     2.148283155646641e+03
     2.148283155647805e+03
     2.148283155648387e+03
     2.148283155648678e+03
     2.148283155648824e+03
     2.148283155648896e+03
     2.148283155648860e+03
     2.148283155648878e+03
     2.148283155648869e+03
     2.148283155648865e+03
     2.148283155648867e+03
     2.148283155648865e+03

error ~ 4.547473508864641e-13

bisection method
Tolerance = 0.5e-9;
results_rk4 =

	     L_0		  	U_max
     5.000000000000000e-02     2.399999999999018e+03
     1.000000000000000e-01     2.399999999999018e+03
     2.000000000000000e-01     4.296566311346760e+02
     3.000000000000000e-01     6.444849467017411e+02
     4.000000000000000e-01     8.593132622688063e+02
     5.000000000000000e-01     1.074141577835871e+03
     6.000000000000001e-01     1.288969893402937e+03
     7.000000000000001e-01     1.503798208970002e+03
     8.000000000000000e-01     1.718626524537067e+03
     9.000000000000000e-01     1.933454840104132e+03
     1.000000000000000e+00     2.148283155671197e+03
     1.100000000000000e+00     2.363111471236298e+03
     1.200000000000000e+00     2.399999999999018e+03
     1.300000000000000e+00     2.399999999999018e+03
     1.400000000000000e+00     2.399999999999018e+03
     1.500000000000000e+00     2.399999999999018e+03
     1.600000000000000e+00     2.399999999999018e+03
     1.700000000000000e+00     2.399999999999018e+03
     1.800000000000000e+00     2.399999999999018e+03
     1.900000000000000e+00     2.399999999999018e+03
     2.000000000000000e+00     2.399999999999018e+03
